38 55 30979
12 34 25817
24 34 24697
16 14 24686
28 14 24477
15 17 23455
40 115 22652
25 106 22108
27 17 22059
14 3 22024
26 3 21812
37 106 21658
22 18 20661
39 17 20539
34 69 20214
13 106 20213
40 14 20031
28 30 19818
38 3 19812
44 27 19691
10 18 19664
16 30 19188
45 12 18909
36 34 18799
34 18 18678
19 100 18560
14 55 18335
7 100 18255
9 76 18226
33 76 18076
3 54 18039
24 2 17994
46 55 17959
36 2 17907
21 76 17789
14 23 17788
19 48 17769
20 44 17761
17 121 17050
42 71 16796
29 121 16717
1 122 16662
36 73 16636
39 40 16628
7 1 16582
33 99 16490
40 30 16412
18 89 16386
6 23 16336
15 40 16260
8 44 16181
45 4 16153
12 46 16065
31 1 16044
19 108 15992
26 23 15920
24 46 15913
23 115 15904
31 48 15896
43 68 15854
27 40 15828
5 79 15824
35 115 15607
31 100 15572
18 22 15551
7 48 15511
44 69 15472
30 22 15439
19 1 15435
18 23 15355
36 46 15331
32 44 15222
46 19 15153
19 5 15061
10 25 15025
30 23 14921
31 5 14891
46 117 14854
27 16 14643
21 99 14629
31 108 14624
33 111 14434
41 121 14276
20 47 14259
18 54 14157
8 47 14131
6 89 14113
32 47 14012
30 54 13990
11 115 13972
13 10 13619
46 104 13584
12 2 13560
34 25 13430
22 25 13398
26 55 13379
7 108 13371
7 5 13345
30 89 13086
44 104 13015
42 115 13007
15 16 12904
39 16 12862
16 127 12740
7 13 12551
1 74 12482
21 97 12477
8 90 12467
34 94 12465
28 127 12418
20 90 12376
9 99 12368
17 112 12339
45 117 12229
21 17 12203
45 123 12152
47 86 12135
33 17 12120
9 17 12085
6 22 12052
10 76 12051
38 23 12007
17 1 11985
22 76 11825
43 36 11704
33 97 11691
28 16 11665
31 13 11629
11 85 11584
41 80 11551
17 9 11532
35 85 11494
45 32 11454
22 69 11408
19 13 11287
14 57 11191
1 111 11161
2 94 11039
5 5 11016
6 100 11000
44 39 10960
9 97 10951
32 90 10948
41 9 10932
47 85 10886
20 108 10711
19 53 10675
29 1 10588
27 32 10564
32 100 10553
21 80 10489
20 122 10476
18 100 10449
45 27 10393
6 14 10384
16 26 10354
23 85 10348
34 76 10341
29 9 10340
43 104 10307
32 32 10301
22 94 10227
30 100 10219
26 44 10181
2 52 10146
47 71 10055
42 24 10026
8 35 10017
27 89 9976
6 13 9962
38 38 9938
11 105 9936
9 80 9929
14 110 9919
29 112 9911
11 46 9880
43 5 9870
44 11 9859
43 46 9832
10 94 9731
1 63 9720
47 15 9705
26 57 9657
21 111 9631
40 127 9622
3 127 9597
22 50 9558
20 100 9544
31 53 9515
26 38 9496
29 80 9435
6 56 9430
15 89 9393
12 87 9382
32 108 9377
18 63 9346
30 109 9345
0 28 9340
30 63 9333
25 101 9325
27 121 9324
33 80 9303
25 10 9285
16 114 9279
43 8 9255
35 59 9242
15 121 9217
29 77 9216
42 3 9195
39 89 9179
8 122 9143
45 2 9122
42 55 9111
14 44 9092
26 110 9078
31 33 9057
16 16 9026
4 113 9011
7 53 8997
42 16 8938
17 77 8907
41 77 8899
47 127 8894
13 40 8856
23 60 8850
26 115 8833
9 35 8829
23 105 8812
32 35 8811
32 56 8795
35 46 8786
29 82 8774
12 61 8753
46 52 8701
17 103 8686
3 25 8614
5 55 8612
2 125 8591
15 6 8562
6 109 8560
19 33 8552
2 4 8525
24 87 8504
30 14 8495
10 85 8492
15 7 8481
44 116 8458
18 52 8452
20 32 8444
20 56 8443
16 102 8433
1 64 8422
24 73 8418
22 85 8404
4 51 8398
35 99 8396
43 121 8381
32 122 8371
13 101 8352
44 6 8308
21 71 8290
8 108 8274
16 101 8266
6 63 8248
5 97 8211
14 38 8170
4 98 8161
36 127 8156
22 40 8143
9 37 8126
42 23 8110
15 32 8103
17 62 8081
28 78 8062
41 1 8036
47 58 8012
18 10 7961
25 47 7945
29 62 7914
28 26 7899
37 78 7874
3 93 7813
46 68 7800
28 114 7778
45 5 7774
24 61 7767
41 103 7741
17 82 7723
23 46 7723
4 57 7718
21 0 7691
33 37 7680
28 80 7674
26 76 7632
45 20 7630
4 40 7626
4 70 7625
30 87 7624
46 60 7602
0 46 7582
10 40 7580
40 101 7570
43 58 7551
46 97 7543
16 80 7537
15 98 7526
21 37 7511
2 64 7495
16 75 7490
33 7 7477
37 112 7439
28 102 7428
46 101 7422
37 47 7417
7 33 7415
14 53 7385
5 99 7366
43 56 7359
12 121 7357
11 60 7355
0 72 7340
15 87 7331
8 32 7326
18 56 7323
35 60 7323
47 82 7305
38 115 7304
29 36 7273
40 80 7264
24 75 7255
27 6 7242
38 57 7230
9 71 7226
6 54 7215
14 34 7215
34 85 7213
21 35 7206
44 80 7193
36 121 7180
47 32 7176
8 56 7151
21 7 7140
28 75 7136
27 3 7113
5 22 7103
24 127 7101
37 10 7095
31 106 7094
17 17 7073
18 109 7067
47 44 7066
28 101 7055
33 71 7037
14 76 7023
40 16 7011
4 67 7004
18 13 7000
13 71 6989
46 127 6972
30 56 6969
8 100 6960
18 93 6956
11 43 6939
13 2 6938
39 121 6934
45 87 6931
18 58 6916
10 50 6906
45 22 6903
13 47 6894
23 20 6886
13 112 6882
33 35 6847
3 124 6844
8 61 6830
18 14 6795
25 40 6792
25 78 6772
5 75 6769
39 3 6759
37 93 6746
27 7 6745
15 1 6733
20 61 6725
32 61 6716
45 37 6702
34 40 6698
2 65 6692
4 102 6686
10 99 6671
13 78 6663
23 99 6662
31 44 6625
17 106 6610
39 30 6606
7 106 6601
39 32 6593
20 35 6590
5 71 6555
25 73 6542
30 10 6536
22 91 6532
7 40 6530
29 103 6497
23 43 6494
14 68 6476
19 106 6470
25 91 6461
25 112 6460
46 5 6434
32 105 6421
3 78 6420
29 100 6419
2 40 6418
41 82 6388
11 45 6384
17 36 6372
37 40 6364
42 12 6359
9 7 6348
25 104 6348
32 53 6348
43 75 6333
30 127 6327
14 108 6307
35 105 6290
12 127 6271
12 42 6268
26 53 6264
30 93 6261
27 98 6260
35 25 6247
23 59 6234
14 115 6225
43 44 6225
42 69 6223
30 58 6214
4 63 6188
6 39 6188
38 68 6175
3 106 6142
47 31 6140
4 11 6139
14 101 6119
11 94 6089
38 22 6082
47 107 6077
11 99 6073
42 126 6034
26 34 6030
12 36 6018
13 79 6009
35 45 6000
6 10 5990
41 5 5984
47 47 5982
46 51 5975
34 124 5971
44 56 5960
6 97 5954
11 59 5949
34 82 5940
24 4 5931
46 115 5925
1 70 5921
43 87 5910
17 5 5906
44 22 5895
44 54 5882
16 115 5880
16 78 5879
12 75 5876
31 74 5875
38 69 5867
47 90 5866
18 87 5865
30 104 5861
3 104 5860
47 117 5859
5 31 5857
10 91 5856
20 105 5853
16 108 5852
0 100 5846
15 3 5827
10 82 5823
5 103 5812
32 17 5810
0 51 5803
10 69 5800
13 91 5784
34 50 5775
42 86 5770
33 82 5767
36 103 5764
27 82 5761
45 95 5760
3 81 5753
5 77 5746
46 76 5746
15 100 5740
9 0 5738
39 116 5732
6 52 5726
40 108 5724
37 45 5722
40 26 5718
21 60 5709
30 118 5709
26 108 5691
34 99 5679
11 16 5666
22 99 5656
5 49 5645
19 26 5637
38 108 5623
26 69 5608
23 94 5607
41 11 5599
36 87 5598
40 90 5576
24 14 5575
19 44 5562
14 69 5552
12 32 5531
24 42 5530
9 62 5529
45 24 5527
39 6 5523
42 14 5517
15 116 5507
11 100 5493
6 93 5492
9 96 5492
39 20 5490
42 49 5482
45 42 5476
9 5 5472
7 4 5463
42 18 5461
2 104 5436
18 127 5428
4 79 5415
15 77 5408
30 52 5408
44 3 5406
47 53 5392
22 52 5389
32 114 5381
4 10 5372
31 82 5367
27 100 5354
47 34 5349
41 112 5347
40 105 5345
40 44 5344
10 16 5336
43 100 5334
40 102 5325
4 22 5324
17 18 5322
36 14 5315
45 70 5315
11 29 5298
2 68 5293
36 4 5259
37 92 5254
6 127 5253
18 104 5250
25 2 5249
3 89 5246
8 99 5241
26 101 5229
46 22 5219
40 75 5212
5 59 5206
47 21 5206
27 1 5205
35 90 5204
6 104 5203
16 90 5192
23 45 5188
18 125 5187
26 68 5183
37 79 5183
41 62 5178
17 45 5175
4 46 5172
43 65 5167
33 0 5165
21 82 5163
41 65 5155
35 94 5153
10 30 5151
21 5 5146
0 64 5140
12 27 5140
24 52 5140
14 16 5139
25 92 5135
47 123 5128
36 27 5121
41 100 5116
23 97 5111
11 79 5102
19 4 5102
12 69 5101
45 47 5100
36 61 5090
40 54 5078
6 115 5077
28 108 5065
37 73 5061
46 10 5055
22 82 5050
6 96 5042
11 69 5036
43 66 5034
8 95 5032
7 26 5027
38 15 5025
29 17 5021
31 73 5009
26 4 5008
27 116 5007
3 74 5004
37 127 5004
8 79 5002
24 32 5002
37 91 4988
20 72 4987
27 77 4980
28 44 4970
10 52 4967
28 79 4964
32 22 4963
17 66 4960
44 110 4959
34 103 4958
36 64 4955
12 4 4948
37 62 4941
41 0 4939
13 92 4927
9 60 4926
47 73 4926
13 123 4924
9 48 4919
42 8 4917
2 116 4915
41 66 4915
44 1 4913
2 76 4911
20 95 4909
31 26 4904
29 66 4892
44 58 4892
7 58 4890
2 60 4887
13 109 4887
40 43 4882
6 58 4881
19 74 4880
11 58 4868
39 100 4867
15 71 4862
2 99 4859
39 77 4850
9 86 4849
14 111 4849
39 7 4848
25 45 4844
14 39 4829
5 111 4827
18 39 4811
2 49 4810
12 52 4810
37 4 4810
0 91 4806
24 27 4803
20 22 4802
4 111 4798
5 112 4798
25 82 4798
43 4 4789
10 73 4788
21 96 4775
29 92 4774
1 127 4772
44 20 4772
13 66 4771
37 101 4771
9 32 4767
9 105 4765
29 5 4762
35 97 4762
46 80 4762
20 53 4759
19 40 4758
34 16 4758
2 45 4757
29 106 4754
46 32 4751
15 30 4744
34 91 4739
15 69 4738
25 79 4736
35 30 4735
22 30 4733
46 27 4729
12 53 4726
29 79 4726
4 39 4722
38 44 4720
11 41 4718
25 109 4714
2 51 4713
13 95 4711
26 15 4711
41 92 4709
41 63 4707
25 123 4698
4 60 4696
13 6 4691
45 80 4683
23 69 4681
27 34 4681
5 64 4679
31 4 4675
43 120 4675
12 103 4674
17 100 4674
42 80 4672
16 11 4667
46 45 4664
7 73 4662
23 79 4657
44 9 4657
30 96 4653
47 95 4651
31 58 4649
6 125 4648
22 120 4635
7 91 4631
10 13 4627
33 60 4627
38 53 4626
42 75 4621
44 16 4621
29 68 4619
20 17 4617
7 74 4606
37 104 4603
3 70 4601
12 80 4599
37 57 4593
10 120 4592
40 114 4590
3 53 4588
8 27 4583
45 76 4580
33 5 4577
35 73 4576
23 29 4568
22 16 4563
40 77 4555
43 26 4546
19 82 4544
3 61 4540
36 42 4540
42 101 4537
10 123 4535
17 68 4526
4 85 4525
0 120 4521
5 93 4518
38 101 4518
33 86 4515
28 90 4511
31 56 4510
8 55 4507
39 51 4485
0 122 4484
27 126 4484
2 85 4480
21 100 4479
24 64 4479
45 83 4471
8 127 4465
28 105 4462
16 43 4457
33 96 4456
24 121 4451
27 69 4440
47 26 4436
45 50 4431
1 48 4428
21 86 4424
39 29 4422
47 109 4422
9 111 4421
30 39 4411
37 123 4411
0 33 4402
47 88 4401
9 43 4400
36 36 4391
23 100 4385
38 18 4379
23 25 4368
33 66 4364
42 108 4364
35 41 4360
32 95 4351
41 35 4351
43 97 4351
36 52 4350
1 9 4348
27 30 4337
31 47 4336
38 60 4332
22 107 4329
31 91 4326
45 114 4326
28 48 4323
41 2 4322
15 82 4318
35 69 4312
41 36 4311
15 34 4308
23 61 4297
39 71 4297
10 107 4294
17 99 4292
41 57 4289
46 98 4289
2 88 4288
45 112 4287
25 61 4284
18 96 4278
43 80 4263
36 0 4262
22 95 4257
46 7 4255
11 97 4249
39 34 4249
4 27 4248
4 116 4248
11 26 4246
24 53 4245
25 57 4245
34 30 4245
9 127 4241
15 85 4241
44 81 4241
42 117 4240
2 93 4236
39 107 4234
41 45 4233
45 99 4233
10 95 4223
16 79 4222
33 105 4219
4 101 4218
9 102 4218
37 99 4218
47 27 4214
2 120 4207
3 64 4207
33 100 4206
25 127 4205
3 123 4197
22 124 4193
9 100 4191
4 91 4188
13 44 4186
21 105 4185
45 46 4185
32 20 4182
13 55 4174
5 125 4172
13 73 4172
21 9 4171
3 10 4169
6 85 4169
26 60 4166
8 28 4165
0 87 4164
18 41 4161
11 122 4156
44 48 4156
36 75 4155
27 0 4151
41 14 4145
36 69 4143
40 13 4143
34 4 4142
43 47 4135
43 114 4128
29 45 4125
2 84 4123
35 100 4118
24 99 4117
46 105 4114
19 58 4110
21 102 4109
38 16 4105
25 71 4103
39 45 4103
47 120 4102
11 50 4100
12 14 4097
19 47 4095
10 14 4093
13 28 4091
10 108 4090
13 75 4085
22 98 4076
21 1 4075
22 4 4075
0 61 4071
43 81 4069
2 38 4068
11 8 4066
43 16 4063
41 97 4060
47 35 4060
35 43 4055
37 41 4052
5 53 4051
44 107 4049
0 75 4048
23 41 4038
32 54 4038
27 71 4037
41 106 4036
13 98 4035
23 58 4032
42 65 4026
40 121 4025
18 97 4023
5 18 4019
17 65 4019
26 92 4016
32 55 4014
45 45 4014
44 45 4012
2 122 4007
25 62 4006
29 65 4006
7 76 4005
47 74 4004
7 72 4003
31 40 3993
39 125 3991
10 35 3990
38 39 3990
40 29 3989
5 105 3988
41 7 3984
36 112 3975
15 95 3972
3 62 3971
33 32 3971
25 28 3969
22 105 3968
4 74 3965
18 85 3963
46 39 3962
14 48 3961
32 87 3961
22 113 3959
44 71 3959
1 60 3958
37 66 3958
2 90 3956
25 15 3955
8 70 3952
21 127 3951
37 55 3950
35 18 3945
23 49 3942
19 45 3936
9 49 3933
13 102 3932
34 98 3929
14 15 3928
3 103 3927
17 79 3926
2 58 3923
15 8 3923
35 58 3923
1 83 3921
22 61 3918
29 73 3914
44 46 3914
13 4 3908
3 6 3907
4 76 3906
10 113 3903
42 74 3903
5 30 3901
35 29 3901
0 93 3897
27 8 3893
37 102 3893
3 21 3884
29 0 3884
4 25 3882
22 103 3875
34 95 3874
23 30 3873
25 6 3871
23 24 3869
46 94 3869
19 88 3868
6 41 3867
44 23 3864
3 1 3862
26 71 3862
44 88 3862
3 116 3860
19 123 3860
28 35 3859
11 78 3858
20 84 3857
33 2 3856
24 15 3855
19 76 3850
33 49 3850
4 88 3849
17 19 3835
35 42 3835
36 32 3834
37 109 3834
26 16 3830
35 95 3829
37 121 3829
34 71 3828
47 111 3828
5 80 3826
8 8 3821
17 92 3819
21 110 3818
10 75 3813
20 5 3811
35 13 3810
16 123 3809
47 36 3806
15 37 3804
16 124 3803
25 66 3801
25 4 3798
13 41 3797
10 4 3794
26 48 3793
42 102 3793
32 72 3791
35 79 3784
14 7 3783
43 59 3782
34 52 3780
37 113 3777
20 114 3775
0 124 3771
12 97 3768
11 18 3760
40 112 3758
39 106 3757
20 87 3754
44 105 3754
28 11 3752
42 123 3748
5 54 3747
11 13 3745
3 73 3744
15 91 3744
7 82 3742
9 66 3741
30 101 3741
11 61 3740
14 28 3740
10 83 3726
23 16 3726
46 1 3723
45 17 3722
17 85 3719
17 2 3717
31 123 3716
11 111 3713
19 49 3709
18 105 3705
19 91 3705
24 38 3701
27 127 3701
25 103 3700
4 6 3697
10 64 3693
47 57 3691
47 66 3691
9 94 3684
23 95 3684
17 64 3683
0 110 3680
5 87 3680
17 6 3679
9 65 3678
44 13 3675
41 64 3673
43 49 3670
2 117 3669
25 102 3669
36 65 3669
5 47 3668
39 126 3668
23 116 3666
31 76 3666
2 123 3663
3 26 3663
36 117 3662
46 77 3662
7 83 3661
8 87 3658
32 21 3653
21 94 3650
24 69 3648
17 37 3647
42 98 3645
30 41 3642
6 34 3641
31 75 3638
23 18 3632
36 68 3631
41 15 3630
5 115 3629
12 26 3624
12 68 3624
15 120 3623
21 48 3622
19 73 3620
3 13 3619
38 34 3619
38 66 3619
36 92 3618
3 34 3608
29 18 3607
27 120 3605
45 26 3605
21 52 3601
30 105 3601
39 1 3600
31 88 3599
0 69 3598
42 93 3590
36 38 3588
20 121 3587
21 49 3587
11 86 3586
20 54 3586
29 6 3586
11 90 3574
5 7 3572
26 22 3569
43 88 3569
21 125 3563
47 92 3561
24 36 3557
0 82 3553
35 72 3551
45 16 3551
46 124 3550
6 75 3549
10 103 3549
44 122 3549
1 94 3546
33 102 3546
32 77 3539
38 28 3533
20 70 3527
43 0 3516
21 66 3513
35 56 3513
24 65 3510
15 50 3503
31 45 3502
4 106 3499
33 41 3499
22 55 3498
11 47 3492
39 98 3491
12 100 3489
29 37 3489
33 62 3489
11 73 3487
36 53 3486
38 67 3485
46 30 3478
3 2 3477
30 97 3476
4 87 3475
22 27 3474
43 19 3474
22 64 3470
32 86 3470
40 20 3470
30 122 3468
8 86 3463
46 61 3463
47 78 3462
38 71 3460
3 86 3458
18 34 3457
9 28 3453
30 62 3453
7 95 3450
2 46 3445
37 117 3444
43 43 3443
17 84 3441
13 24 3440
47 87 3439
20 86 3438
33 48 3438
34 55 3438
42 125 3437
31 127 3435
34 120 3429
9 22 3428
29 11 3423
21 2 3420
20 38 3418
38 119 3413
27 85 3412
30 125 3412
36 80 3408
29 2 3407
1 89 3405
1 114 3405
20 8 3405
4 5 3404
41 61 3404
4 18 3403
21 65 3395
27 20 3392
46 67 3388
1 31 3386
29 57 3386
13 16 3380
13 45 3379
5 48 3378
43 12 3377
12 40 3376
6 62 3374
9 82 3374
0 76 3372
33 127 3370
4 50 3368
34 27 3367
30 115 3366
27 29 3365
16 8 3363
37 6 3363
40 0 3363
25 55 3361
44 29 3361
21 43 3354
39 54 3353
13 113 3352
23 56 3351
36 21 3348
47 4 3342
41 69 3336
17 61 3335
22 73 3333
8 54 3332
9 110 3331
43 63 3331
42 43 3329
23 86 3321
38 86 3321
12 102 3318
24 80 3316
11 95 3315
24 0 3314
39 58 3314
2 112 3313
25 58 3310
12 99 3305
27 87 3305
37 44 3305
27 91 3304
10 61 3302
3 31 3298
16 105 3298
6 105 3295
12 64 3293
44 53 3293
5 108 3292
7 49 3287
39 57 3287
45 71 3284
23 96 3283
25 75 3283
36 99 3281
32 8 3280
46 82 3279
9 83 3277
42 31 3277
23 90 3276
27 95 3276
31 83 3276
37 120 3276
25 44 3275
6 87 3272
3 7 3266
22 35 3264
41 20 3264
7 45 3261
37 24 3261
47 52 3259
0 31 3258
16 51 3256
3 105 3255
33 1 3251
1 16 3250
35 52 3249
3 11 3248
6 1 3247
5 78 3246
0 102 3242
5 42 3241
7 87 3241
41 44 3231
38 84 3228
8 24 3227
37 67 3227
43 77 3226
11 49 3225
39 127 3225
16 83 3220
37 75 3220
38 92 3220
10 27 3219
39 25 3218
43 125 3214
40 48 3207
40 124 3205
8 84 3204
10 105 3198
37 61 3196
4 115 3195
18 115 3192
28 13 3191
39 52 3191
37 2 3187
17 0 3184
25 120 3184
5 33 3183
14 20 3183
42 90 3182
1 107 3180
18 62 3179
25 24 3179
10 26 3178
37 95 3177
17 53 3175
41 81 3175
34 63 3174
34 83 3173
11 20 3172
34 9 3171
13 57 3170
9 24 3168
1 49 3167
14 18 3167
2 119 3166
35 16 3162
23 8 3159
1 100 3158
17 57 3158
41 49 3153
42 106 3153
42 17 3151
4 0 3150
34 73 3148
10 3 3146
21 62 3146
3 76 3145
24 30 3142
5 16 3140
19 127 3140
40 110 3137
13 121 3136
41 50 3134
26 18 3132
18 0 3131
29 120 3131
9 9 3130
17 11 3126
20 127 3123
16 121 3122
35 86 3114
17 14 3113
23 73 3108
35 55 3108
34 105 3106
17 80 3099
26 109 3099
2 100 3095
7 111 3093
23 23 3092
29 61 3092
44 111 3092
33 28 3091
9 41 3087
29 84 3081
35 26 3081
24 90 3075
6 86 3071
19 89 3070
32 121 3070
28 110 3066
47 20 3061
1 86 3059
2 8 3057
13 21 3057
14 60 3057
24 117 3057
31 49 3057
8 72 3055
31 32 3053
0 62 3050
0 77 3050
12 38 3049
32 79 3049
13 36 3048
1 52 3046
10 88 3044
31 51 3043
15 20 3042
3 59 3040
11 98 3039
34 14 3035
39 60 3034
39 4 3032
13 82 3030
40 51 3025
10 57 3024
33 125 3024
28 124 3023
41 122 3023
5 90 3021
43 62 3021
5 61 3019
35 3 3019
35 24 3015
27 45 3010
0 57 3007
4 120 3005
23 42 3003
11 116 3002
20 21 2995
44 73 2991
23 50 2989
7 2 2988
32 38 2988
0 106 2983
44 37 2980
18 6 2977
0 21 2974
42 22 2974
2 53 2972
29 64 2968
11 71 2964
37 103 2962
0 53 2961
1 46 2961
14 51 2961
18 101 2960
23 92 2958
11 11 2957
35 61 2954
7 17 2952
12 90 2952
29 19 2950
7 89 2949
12 117 2949
1 75 2946
45 89 2944
20 55 2941
41 18 2941
43 122 2940
21 33 2939
27 57 2939
11 107 2938
12 65 2930
41 84 2930
2 118 2928
4 86 2926
40 22 2925
8 39 2924
8 17 2920
35 50 2920
36 30 2920
12 15 2917
1 2 2916
38 105 2916
33 68 2915
5 83 2910
24 26 2908
24 21 2903
12 63 2902
19 72 2902
19 112 2902
35 92 2902
43 6 2898
4 30 2897
18 75 2897
41 53 2896
0 127 2890
23 72 2890
37 16 2889
6 99 2886
26 17 2885
28 83 2885
44 62 2885
36 120 2884
21 68 2883
0 98 2881
12 115 2879
28 0 2879
2 54 2878
2 69 2877
39 85 2875
1 91 2873
17 20 2872
23 55 2872
35 47 2871
1 116 2868
5 66 2868
15 72 2863
4 52 2861
5 96 2860
17 69 2856
31 17 2856
27 58 2852
14 10 2847
42 99 2846
7 127 2843
23 13 2841
30 75 2840
33 9 2836
35 23 2836
20 77 2831
22 14 2825
30 0 2824
47 102 2822
30 17 2821
17 117 2820
20 45 2820
9 1 2819
27 25 2817
10 110 2816
19 51 2816
44 99 2816
18 103 2815
5 110 2814
35 49 2814
39 87 2814
3 24 2813
13 127 2813
39 95 2812
7 44 2810
28 39 2810
34 126 2810
23 11 2809
34 68 2809
16 20 2808
30 85 2803
33 94 2803
25 41 2802
19 59 2801
6 6 2799
0 107 2798
0 126 2798
41 19 2798
43 74 2797
11 33 2793
19 95 2793
42 73 2793
13 120 2792
15 29 2792
44 33 2792
25 117 2790
8 2 2789
1 29 2785
1 27 2778
35 71 2778
24 118 2777
11 92 2775
28 43 2773
9 116 2771
28 77 2768
2 55 2766
0 105 2765
15 94 2763
1 99 2762
8 53 2762
33 110 2762
33 116 2761
1 28 2759
29 53 2757
41 46 2757
16 40 2756
17 15 2756
7 8 2755
42 27 2753
21 79 2749
35 78 2749
26 73 2746
16 119 2743
43 37 2741
16 37 2738
31 112 2738
37 8 2738
29 99 2737
12 118 2736
40 119 2735
1 106 2732
4 77 2728
42 64 2727
2 62 2726
22 108 2721
38 48 2721
37 49 2719
1 85 2714
24 103 2713
16 0 2712
23 125 2710
27 101 2710
8 64 2705
9 2 2704
26 86 2704
7 88 2702
28 81 2702
31 89 2702
0 112 2698
1 78 2698
5 126 2698
26 95 2698
34 107 2698
28 8 2697
12 21 2695
30 24 2694
2 0 2690
2 7 2690
25 98 2690
6 83 2687
1 45 2686
7 47 2685
10 70 2682
26 20 2681
39 37 2681
45 29 2680
8 45 2678
11 30 2675
34 113 2675
43 29 2675
8 21 2674
39 94 2672
30 6 2671
28 93 2669
15 57 2667
42 100 2667
8 121 2663
13 15 2661
0 81 2659
5 116 2656
38 79 2656
47 114 2650
29 15 2648
3 19 2646
19 32 2646
4 96 2643
0 40 2641
29 14 2640
13 8 2637
25 95 2637
2 14 2636
12 114 2636
16 1 2636
10 62 2631
23 98 2628
20 99 2626
36 24 2626
0 119 2625
24 102 2623
45 88 2622
40 79 2621
28 121 2620
11 89 2619
17 72 2619
2 73 2618
30 77 2618
39 31 2615
0 67 2613
37 98 2613
42 37 2611
0 109 2607
16 29 2607
36 40 2607
3 60 2606
12 30 2605
40 100 2605
0 50 2602
9 89 2602
19 8 2602
1 67 2601
4 90 2600
4 92 2600
41 6 2600
46 29 2599
16 13 2596
14 92 2595
23 54 2594
11 55 2593
26 51 2593
38 64 2590
33 22 2588
39 8 2588
7 50 2586
32 70 2586
1 77 2582
26 119 2582
25 121 2581
0 13 2580
19 83 2580
46 123 2580
14 79 2577
36 15 2577
45 92 2576
28 119 2573
34 13 2568
1 18 2567
4 56 2566
40 8 2563
40 35 2563
35 109 2562
39 0 2562
46 96 2562
33 106 2561
14 105 2558
23 3 2558
45 65 2558
38 80 2556
13 62 2555
26 105 2554
24 96 2552
41 42 2552
9 79 2550
14 119 2550
31 2 2550
42 70 2548
3 77 2546
33 85 2545
43 31 2545
22 68 2544
26 14 2544
32 65 2544
39 120 2544
20 33 2543
30 83 2541
3 49 2540
34 61 2539
11 24 2538
39 28 2537
42 21 2534
0 118 2532
26 33 2531
5 107 2527
6 107 2527
39 69 2527
47 121 2527
5 51 2526
13 67 2526
28 29 2524
37 15 2522
0 79 2521
8 36 2519
41 52 2518
43 2 2516
11 25 2515
7 123 2514
8 125 2514
9 103 2514
39 83 2513
24 25 2510
23 26 2509
20 79 2506
2 29 2505
34 57 2505
40 15 2505
1 25 2504
24 68 2504
25 18 2504
27 70 2501
32 33 2501
35 11 2500
0 14 2499
38 111 2499
0 34 2498
29 122 2496
47 11 2495
43 115 2492
38 51 2491
24 114 2489
47 6 2488
12 120 2482
23 52 2481
6 103 2479
40 123 2479
31 8 2477
5 0 2476
8 5 2474
20 94 2474
5 122 2470
23 111 2470
40 109 2470
16 77 2469
40 83 2466
45 48 2466
44 42 2464
38 62 2462
16 110 2461
1 68 2458
0 88 2457
23 107 2456
21 122 2455
47 3 2454
29 50 2453
23 122 2452
46 54 2452
25 67 2450
40 93 2450
27 52 2449
0 11 2448
21 116 2448
41 48 2448
0 29 2446
37 38 2446
26 28 2445
22 56 2444
37 52 2444
12 8 2442
27 59 2438
15 45 2436
29 88 2433
34 56 2433
2 16 2431
37 28 2429
2 6 2428
40 55 2428
22 19 2427
2 97 2424
37 36 2423
13 61 2421
15 52 2420
17 50 2420
16 89 2419
21 28 2419
13 76 2418
40 39 2418
33 33 2417
8 105 2416
28 123 2415
22 57 2414
41 85 2412
42 2 2412
29 35 2410
0 63 2408
41 54 2408
29 7 2407
29 21 2407
36 114 2406
0 65 2405
11 101 2405
13 103 2402
13 12 2401
29 20 2401
10 119 2400
43 24 2396
9 33 2395
35 111 2390
26 111 2389
44 0 2386
19 17 2382
4 15 2381
12 107 2380
26 67 2379
30 107 2378
14 67 2376
4 23 2375
25 8 2375
0 0 2374
8 94 2374
2 9 2373
4 103 2373
34 64 2371
20 28 2368
42 28 2367
47 23 2366
0 117 2361
19 87 2361
1 66 2360
28 112 2359
1 6 2354
10 71 2354
42 25 2353
46 16 2352
22 88 2349
0 103 2347
36 90 2347
3 121 2346
41 17 2344
11 109 2341
16 55 2341
35 8 2340
39 101 2339
1 53 2338
12 24 2338
24 40 2338
33 65 2333
32 30 2332
0 52 2331
8 20 2331
46 33 2330
46 43 2330
29 55 2326
2 87 2323
1 76 2322
1 90 2322
8 38 2322
28 89 2319
16 39 2318
25 113 2318
4 8 2317
38 10 2316
28 94 2315
26 64 2313
16 45 2311
21 22 2311
22 110 2309
1 7 2308
28 37 2308
14 62 2306
22 123 2303
27 51 2303
45 0 2303
28 54 2301
41 55 2300
44 94 2297
41 73 2296
21 103 2294
46 46 2293
4 47 2291
44 44 2281
14 17 2280
37 20 2280
38 76 2280
8 33 2278
20 27 2278
25 26 2278
3 88 2274
2 2 2272
19 2 2272
4 105 2269
11 40 2266
10 2 2264
25 36 2262
32 28 2262
11 56 2261
17 42 2260
25 59 2260
14 83 2258
30 1 2258
32 99 2258
47 63 2257
34 108 2256
0 101 2255
18 17 2255
33 40 2253
20 64 2250
33 89 2244
1 62 2241
1 65 2241
36 8 2241
27 94 2240
29 69 2240
7 51 2233
18 110 2231
39 78 2227
6 0 2225
45 103 2224
25 93 2223
3 38 2222
8 4 2221
6 79 2218
12 9 2217
13 58 2217
33 43 2215
22 71 2211
42 4 2211
10 80 2210
20 65 2210
24 100 2209
26 62 2209
20 25 2208
32 24 2206
28 51 2205
20 30 2204
30 13 2203
4 7 2201
38 110 2197
27 37 2194
22 13 2189
32 84 2189
14 99 2188
32 101 2188
34 35 2187
38 1 2187
47 112 2185
5 37 2182
43 94 2181
10 126 2178
38 102 2178
15 55 2177
23 22 2176
36 107 2176
3 37 2174
38 47 2174
43 83 2173
24 8 2172
36 66 2171
11 87 2164
32 68 2164
21 24 2160
23 1 2159
1 8 2158
25 125 2158
33 79 2158
39 103 2153
10 55 2152
1 103 2151
9 81 2151
34 110 2150
0 121 2148
38 126 2146
7 112 2142
32 19 2141
7 124 2140
20 101 2139
38 20 2136
4 118 2135
36 26 2132
28 100 2131
26 39 2130
26 82 2129
35 68 2129
41 72 2129
37 18 2125
2 115 2123
29 46 2123
39 23 2122
44 78 2120
0 68 2115
8 51 2115
35 96 2114
40 106 2112
24 79 2111
13 65 2110
7 109 2109
30 119 2108
23 103 2105
34 88 2105
18 119 2103
9 113 2101
2 50 2100
3 84 2099
33 24 2096
15 101 2095
6 77 2094
21 85 2094
24 63 2094
18 24 2092
3 45 2089
30 20 2088
43 35 2088
0 7 2087
1 38 2086
33 83 2086
38 33 2086
1 113 2084
8 14 2084
23 71 2083
8 25 2082
24 115 2082
32 4 2082
6 71 2081
5 34 2080
38 4 2080
45 101 2079
30 34 2077
42 116 2077
47 76 2077
2 27 2075
11 53 2073
30 103 2073
5 82 2072
27 106 2072
34 78 2072
14 95 2070
22 9 2068
35 125 2066
11 67 2065
21 89 2064
37 80 2064
28 50 2063
27 49 2062
1 15 2061
16 60 2057
12 7 2055
27 50 2053
14 84 2051
16 35 2051
21 32 2051
26 100 2049
38 98 2049
5 63 2048
42 59 2045
8 109 2044
13 80 2043
4 99 2041
0 111 2040
12 12 2040
32 27 2040
0 16 2039
17 120 2039
22 75 2038
35 98 2037
31 59 2036
1 98 2035
36 100 2035
36 67 2032
16 50 2031
34 123 2031
36 102 2030
40 12 2030
46 90 2028
41 93 2027
19 11 2022
29 42 2022
34 33 2022
19 75 2021
27 55 2021
45 63 2020
31 61 2019
15 106 2015
27 72 2014
2 67 2013
46 122 2013
15 0 2011
34 23 2009
42 114 2008
35 107 2007
3 112 2005
32 25 2004
8 76 1999
34 2 1997
38 125 1997
28 22 1992
0 27 1991
32 5 1990
1 115 1988
3 36 1986
44 92 1985
13 115 1980
18 107 1980
9 68 1979
43 98 1979
4 16 1978
1 23 1974
35 116 1974
15 60 1973
3 91 1971
26 98 1970
10 10 1966
24 9 1965
5 113 1964
23 33 1964
35 103 1964
36 118 1964
38 87 1964
12 95 1963
31 124 1963
3 29 1962
0 80 1961
8 22 1961
9 85 1961
34 70 1961
36 25 1960
10 124 1959
41 99 1958
9 52 1955
29 72 1955
14 64 1952
40 7 1952
7 24 1951
37 82 1951
41 21 1950
11 68 1949
2 41 1948
4 55 1946
22 70 1946
41 126 1938
4 64 1936
14 14 1936
29 85 1926
20 80 1925
37 76 1925
8 123 1922
15 78 1917
9 45 1914
12 124 1909
18 77 1909
20 19 1909
30 110 1909
26 83 1906
7 27 1905
22 2 1905
2 121 1904
21 41 1904
2 12 1903
34 62 1903
6 119 1902
22 10 1901
35 33 1898
45 127 1897
36 79 1894
32 103 1892
40 60 1892
24 107 1890
42 39 1886
1 22 1882
14 33 1882
21 113 1882
24 71 1881
39 80 1881
28 1 1879
10 109 1877
42 111 1877
3 3 1876
16 94 1876
32 82 1876
20 102 1875
27 54 1875
38 17 1875
24 112 1874
35 121 1873
39 91 1870
46 126 1868
14 109 1867
33 52 1867
38 12 1867
5 95 1866
35 53 1862
38 82 1861
27 23 1860
40 11 1854
38 73 1853
39 49 1853
1 34 1852
8 19 1852
32 45 1852
14 80 1851
44 83 1849
18 42 1848
36 96 1847
7 11 1846
13 29 1845
14 82 1845
16 81 1844
0 38 1841
20 76 1839
20 36 1837
44 113 1836
17 30 1835
40 78 1835
10 74 1834
20 57 1834
30 33 1834
17 7 1829
40 28 1829
40 82 1829
28 117 1828
1 3 1827
39 70 1821
20 4 1820
31 11 1820
0 114 1819
14 22 1819
35 87 1819
15 41 1814
19 56 1813
42 5 1813
6 101 1812
37 12 1812
0 86 1807
37 107 1806
4 97 1805
6 42 1803
26 99 1803
29 117 1803
0 71 1801
16 65 1801
7 70 1800
21 83 1800
35 4 1799
28 52 1793
32 80 1791
16 117 1788
34 87 1788
1 124 1787
8 104 1787
7 60 1785
2 22 1783
14 1 1782
1 13 1781
34 119 1781
22 119 1779
41 79 1779
37 58 1777
1 1 1775
2 70 1774
19 3 1774
29 30 1769
32 94 1767
32 127 1766
46 71 1763
10 87 1762
2 126 1761
39 90 1761
47 80 1761
27 41 1760
37 32 1760
15 58 1758
28 115 1758
34 19 1758
22 126 1756
37 87 1756
39 2 1756
24 43 1752
10 45 1751
29 44 1750
33 122 1748
31 111 1747
34 12 1746
8 74 1738
2 127 1737
14 8 1737
22 63 1737
32 9 1737
3 41 1735
0 12 1727
15 49 1727
22 62 1727
25 12 1727
28 20 1727
38 109 1727
2 101 1725
44 8 1725
26 7 1724
8 103 1723
7 59 1721
9 98 1721
45 77 1721
16 54 1720
32 102 1718
47 17 1718
0 30 1717
26 8 1717
16 52 1716
13 81 1715
18 9 1714
8 65 1713
38 26 1712
8 80 1710
8 115 1709
1 50 1707
37 23 1707
44 25 1701
1 19 1699
27 125 1699
44 90 1699
17 126 1697
11 42 1696
25 76 1696
18 65 1695
23 89 1694
2 48 1693
7 32 1693
25 38 1689
1 11 1687
3 4 1686
19 50 1683
6 20 1678
40 40 1677
36 63 1675
6 24 1673
40 73 1673
7 39 1672
37 21 1672
0 58 1671
20 39 1671
26 32 1666
37 71 1666
40 74 1666
7 43 1664
17 46 1661
22 26 1661
36 35 1661
33 113 1660
15 23 1659
32 76 1658
40 94 1658
15 125 1657
23 53 1656
20 104 1655
3 94 1650
26 84 1648
6 110 1644
26 1 1643
26 80 1641
31 21 1641
29 118 1640
35 54 1640
5 58 1639
9 104 1639
16 25 1639
42 52 1639
26 10 1636
37 65 1635
9 56 1634
1 58 1633
6 38 1633
42 66 1633
6 55 1631
42 113 1629
8 15 1628
24 67 1627
24 66 1626
43 41 1626
34 3 1625
34 41 1624
47 72 1618
45 119 1617
1 123 1616
6 88 1614
8 66 1614
42 77 1614
5 10 1610
20 103 1610
12 73 1609
25 16 1609
30 116 1609
39 110 1606
0 85 1605
2 107 1605
28 97 1605
4 83 1604
30 12 1603
30 86 1603
25 118 1601
41 88 1601
7 20 1600
23 101 1599
40 81 1598
25 107 1597
8 77 1595
21 81 1594
28 74 1594
31 110 1594
3 68 1593
7 18 1593
8 57 1593
1 41 1592
4 2 1591
4 122 1587
9 106 1587
22 78 1586
31 63 1586
22 39 1584
37 33 1582
4 20 1580
5 123 1580
2 47 1577
12 0 1577
12 43 1577
13 0 1574
32 123 1573
15 80 1572
22 31 1572
25 49 1570
27 80 1570
18 1 1569
35 48 1569
41 68 1569
2 30 1565
5 2 1563
13 89 1563
41 30 1563
32 57 1562
19 116 1561
6 123 1557
46 11 1557
11 52 1555
24 35 1554
25 81 1552
35 20 1551
40 27 1551
43 112 1551
3 9 1550
47 39 1550
3 35 1548
6 9 1548
31 29 1548
35 122 1548
0 4 1547
23 7 1547
13 87 1546
28 82 1540
17 104 1539
3 12 1538
4 53 1537
8 30 1537
24 120 1535
0 3 1534
0 95 1534
33 50 1534
16 44 1532
20 2 1532
16 112 1531
32 2 1531
35 81 1528
18 122 1527
17 55 1526
23 78 1526
0 104 1524
22 80 1524
30 26 1523
7 31 1521
0 47 1520
12 58 1520
0 123 1519
0 45 1518
42 30 1518
20 74 1516
3 20 1515
10 41 1515
1 39 1513
16 22 1513
21 98 1510
24 123 1509
26 125 1508
41 117 1508
2 15 1507
39 41 1507
18 64 1506
42 119 1505
23 109 1502
1 97 1498
2 37 1498
34 109 1498
37 118 1497
5 124 1496
44 72 1496
0 2 1495
43 33 1495
1 80 1494
26 126 1494
22 109 1490
0 24 1489
25 21 1488
27 60 1487
31 50 1485
38 14 1484
47 105 1484
12 56 1483
29 97 1482
23 68 1477
15 51 1475
0 97 1474
13 93 1474
20 68 1472
39 55 1471
38 99 1470
45 82 1468
14 125 1467
32 16 1461
33 103 1461
1 96 1460
7 61 1460
39 72 1460
10 39 1459
21 55 1459
3 92 1458
7 110 1458
29 93 1455
0 41 1453
42 92 1450
46 84 1450
29 63 1449
3 80 1448
44 47 1447
19 110 1446
33 81 1446
36 115 1446
34 43 1445
35 9 1444
46 118 1444
9 25 1443
11 125 1442
45 91 1441
17 88 1439
45 52 1438
47 55 1438
3 17 1436
26 79 1436
13 26 1435
42 58 1435
13 38 1433
43 60 1433
28 45 1431
33 98 1431
46 75 1430
18 38 1427
38 49 1426
20 106 1424
27 28 1424
41 115 1424
31 116 1422
2 77 1420
40 52 1419
35 1 1418
9 122 1417
16 7 1416
30 65 1416
43 30 1416
25 80 1415
35 22 1414
20 24 1413
24 97 1412
28 60 1411
1 20 1407
46 44 1406
23 47 1405
0 23 1403
23 21 1400
38 7 1399
19 62 1397
7 7 1396
0 32 1395
15 28 1394
19 21 1389
5 20 1382
8 68 1382
30 18 1381
42 32 1380
19 31 1379
18 26 1378
24 24 1376
20 37 1375
31 62 1374
24 22 1373
34 10 1373
20 116 1372
22 112 1372
20 14 1371
4 1 1369
42 50 1365
32 37 1364
32 64 1364
35 101 1363
37 83 1363
15 35 1361
20 124 1359
28 103 1359
32 104 1356
0 26 1355
38 32 1355
11 103 1351
25 65 1350
28 40 1347
12 123 1346
11 102 1345
12 66 1345
44 84 1339
3 40 1337
47 108 1336
14 85 1335
12 89 1331
15 119 1327
16 15 1325
22 41 1325
1 108 1323
35 89 1317
37 89 1317
17 35 1316
34 90 1316
44 121 1315
13 104 1314
43 61 1313
1 92 1312
13 107 1312
20 123 1312
41 34 1312
31 72 1310
45 116 1310
1 105 1309
24 95 1309
10 33 1308
38 8 1307
20 16 1306
28 24 1306
15 90 1303
5 68 1301
22 87 1301
31 20 1301
38 81 1298
10 98 1297
36 76 1296
2 59 1293
1 87 1288
46 34 1287
35 102 1286
12 101 1285
19 24 1285
44 40 1281
28 73 1277
47 14 1277
46 26 1273
36 94 1272
14 126 1268
18 116 1268
45 64 1267
46 35 1266
32 66 1265
33 108 1263
8 102 1261
18 18 1260
29 104 1260
34 7 1260
42 56 1258
1 119 1257
34 26 1256
20 15 1255
18 33 1254
20 18 1254
25 89 1252
7 62 1250
21 50 1250
25 83 1250
30 38 1250
41 26 1249
29 126 1246
4 45 1244
11 12 1244
19 39 1244
44 59 1244
35 7 1243
26 30 1242
1 26 1241
36 7 1240
47 8 1237
3 75 1236
12 79 1235
17 123 1235
39 82 1231
22 43 1229
28 55 1229
33 55 1229
3 72 1226
0 18 1225
14 4 1225
36 23 1225
0 83 1223
8 37 1223
16 24 1220
18 86 1219
33 23 1219
37 0 1219
0 35 1217
11 48 1215
15 83 1215
39 117 1215
19 20 1214
17 49 1213
26 47 1211
18 61 1210
12 76 1208
3 120 1207
4 9 1207
23 12 1207
24 58 1207
5 117 1205
36 43 1204
23 67 1201
32 106 1200
0 66 1199
15 68 1199
20 66 1199
31 70 1199
4 29 1197
6 65 1197
1 21 1196
3 82 1195
3 122 1194
9 90 1194
34 31 1194
25 0 1193
31 27 1193
30 88 1192
4 119 1191
33 90 1191
17 93 1188
38 100 1188
40 23 1186
12 85 1185
27 2 1185
5 102 1184
31 34 1184
32 14 1183
6 64 1182
13 52 1182
39 56 1182
46 74 1179
2 82 1177
36 123 1174
0 73 1171
3 0 1171
23 40 1171
28 25 1171
12 92 1170
37 26 1170
30 61 1168
30 64 1168
14 93 1167
15 54 1167
19 29 1167
22 83 1167
11 72 1166
43 96 1165
38 90 1163
41 59 1163
24 12 1160
4 58 1157
13 23 1156
13 125 1156
0 43 1153
22 90 1151
36 29 1151
0 116 1150
20 115 1150
36 9 1148
40 111 1148
19 61 1147
2 33 1146
17 78 1146
28 65 1145
13 83 1142
17 73 1142
24 92 1142
7 34 1140
30 42 1140
29 54 1138
14 32 1134
15 31 1134
44 5 1133
47 54 1131
0 17 1129
43 71 1128
33 104 1127
45 67 1127
16 73 1126
8 116 1125
10 96 1125
36 71 1125
5 11 1124
23 81 1124
45 18 1124
40 37 1123
42 33 1123
1 37 1121
36 89 1121
24 6 1120
1 57 1119
34 45 1119
28 42 1117
7 21 1112
12 94 1112
44 52 1112
18 44 1111
1 30 1110
1 126 1110
17 44 1110
7 56 1109
7 86 1109
19 93 1109
11 81 1107
11 96 1107
5 24 1106
12 74 1103
18 83 1099
44 64 1099
15 70 1093
6 7 1091
0 99 1090
8 6 1086
35 21 1085
37 125 1084
39 61 1084
47 18 1084
25 29 1082
39 75 1082
2 74 1081
32 74 1079
40 65 1078
21 56 1077
34 80 1077
29 81 1076
14 87 1074
5 74 1073
6 53 1072
24 56 1072
31 95 1072
40 42 1071
27 35 1069
25 87 1068
37 81 1068
9 40 1067
19 111 1063
23 9 1063
42 41 1062
1 14 1061
34 36 1061
36 124 1059
16 33 1058
18 20 1058
25 33 1058
15 96 1057
19 43 1057
25 115 1056
15 126 1053
18 88 1052
14 47 1050
24 74 1050
5 23 1049
26 6 1046
36 12 1046
22 96 1044
47 96 1044
6 18 1043
30 55 1043
33 47 1043
45 51 1043
27 96 1042
35 67 1042
16 10 1041
41 37 1041
25 20 1039
26 102 1037
32 125 1036
13 20 1035
4 13 1033
16 4 1033
3 113 1032
44 34 1031
47 0 1031
42 20 1029
30 44 1028
43 108 1028
28 113 1027
37 29 1027
23 102 1026
32 109 1026
43 52 1026
43 91 1024
46 83 1024
9 92 1023
9 125 1022
22 45 1020
43 53 1020
23 87 1019
2 24 1017
22 12 1017
39 11 1017
43 18 1015
21 108 1014
36 58 1014
13 105 1012
3 115 1010
17 97 1010
44 57 1010
6 47 1009
18 118 1004
30 123 1004
25 99 1003
17 118 1000
41 90 996
4 82 993
14 40 993
29 52 992
1 47 990
19 124 989
32 36 989
36 95 988
16 12 987
30 99 987
31 31 986
8 67 984
37 105 984
2 17 983
8 106 982
27 68 981
7 19 977
3 100 976
31 18 976
42 19 974
24 89 973
15 103 970
16 82 970
2 75 969
22 23 967
40 45 967
13 68 965
16 93 964
22 3 964
38 58 963
24 94 962
42 68 962
32 92 959
7 116 958
28 106 958
8 16 955
4 107 954
6 118 954
8 18 954
18 124 952
6 84 951
38 21 951
9 108 949
32 15 949
28 15 947
0 6 945
46 125 941
15 59 940
40 89 939
40 50 938
31 7 937
18 123 936
0 70 935
0 92 933
45 38 933
42 7 932
47 48 932
7 93 931
19 34 930
2 111 927
4 75 925
42 9 925
21 90 924
16 48 922
18 79 921
17 21 918
34 75 918
5 52 916
8 82 916
39 59 915
44 67 914
34 74 912
37 63 912
37 124 912
31 39 910
5 45 907
29 49 907
15 56 906
17 107 906
15 25 905
47 77 905
9 55 903
3 50 902
5 101 902
14 42 901
25 52 901
43 72 901
13 33 900
26 85 899
33 69 899
13 77 897
14 81 897
32 6 897
14 100 895
19 7 894
40 4 893
24 76 892
22 36 889
32 83 888
0 49 887
10 66 887
30 94 886
5 84 884
47 104 884
4 14 881
10 90 881
23 48 881
1 44 880
22 7 880
11 22 879
27 119 875
39 46 875
45 86 875
43 69 874
44 2 874
24 23 873
40 1 873
3 108 872
10 51 871
39 63 870
27 56 868
29 48 868
43 82 866
28 109 865
35 5 864
36 97 864
5 43 863
5 86 861
1 40 857
0 78 856
41 58 855
2 109 854
47 37 851
0 125 850
18 55 849
35 40 849
14 6 848
31 86 846
1 102 845
43 99 844
17 83 842
46 79 842
47 42 840
4 31 839
6 17 839
8 40 839
36 126 838
38 63 838
13 49 835
46 18 835
7 75 832
9 112 832
36 56 832
1 61 829
22 33 828
3 39 827
0 44 825
18 36 824
26 42 824
31 52 824
4 114 823
6 61 823
33 92 823
4 100 822
19 70 822
22 74 822
0 108 821
16 74 820
30 112 820
3 101 819
7 3 818
21 106 818
26 66 818
44 12 818
39 50 817
44 19 817
39 33 816
46 8 815
19 27 814
24 124 814
1 84 813
5 104 813
21 47 813
32 98 813
28 28 812
30 25 809
13 118 808
3 97 807
21 23 807
9 26 805
28 7 804
29 26 804
23 121 803
44 51 803
34 39 802
15 127 801
27 83 801
15 48 800
21 40 800
35 14 800
37 115 800
19 52 799
5 94 798
35 12 798
28 27 796
43 111 796
8 78 791
12 60 791
17 27 791
13 124 790
0 9 788
42 91 787
45 81 785
46 9 783
31 43 782
2 42 781
31 3 781
45 98 780
7 38 779
10 7 779
38 96 779
29 115 778
34 58 777
3 102 774
3 111 774
21 92 774
12 35 773
46 106 773
15 75 771
22 97 771
17 54 770
17 105 767
18 99 767
2 10 766
34 66 765
22 15 764
42 109 761
29 75 760
12 126 759
16 18 759
17 59 759
25 105 759
8 83 757
28 4 757
28 62 757
0 37 755
15 11 755
24 101 754
29 83 754
14 72 753
32 115 753
20 125 752
4 93 751
8 13 751
44 4 751
47 67 750
24 7 749
35 120 748
36 18 747
44 26 747
29 78 746
31 93 745
10 78 744
27 78 744
25 124 743
31 109 743
34 116 743
28 12 741
10 112 740
2 57 738
29 13 737
11 1 736
3 125 733
34 15 733
0 22 732
8 41 732
17 39 732
21 45 731
10 15 730
30 78 730
6 116 729
21 69 729
0 84 728
38 85 728
27 33 727
45 53 727
28 111 726
44 119 725
3 23 723
4 32 723
11 21 723
16 111 723
46 37 723
7 29 722
21 25 719
38 95 715
15 33 714
41 39 714
24 105 711
41 38 711
9 67 710
13 25 710
19 63 710
18 25 709
14 49 708
14 102 708
3 30 704
13 117 704
4 43 701
1 95 699
8 101 698
10 47 698
12 6 698
36 108 698
3 55 697
22 58 697
32 124 697
16 27 695
27 48 695
20 51 694
30 126 694
36 111 694
24 85 693
27 75 693
10 97 692
41 78 692
43 123 691
12 54 687
25 19 686
25 63 685
37 1 685
14 30 684
17 63 684
40 6 680
12 116 678
45 23 677
39 96 676
5 17 674
12 22 674
30 124 674
4 112 673
12 93 673
29 39 673
17 122 672
6 124 671
1 12 670
0 48 668
41 123 667
1 32 665
10 116 662
19 9 662
19 79 662
28 33 662
9 124 661
9 23 659
10 100 658
0 1 656
6 16 656
7 25 656
11 28 656
6 35 655
13 13 655
30 11 654
10 68 653
13 59 653
38 24 653
3 90 652
28 10 652
40 107 652
32 39 651
41 75 651
45 94 651
11 3 649
13 42 649
8 92 648
30 35 648
21 104 645
29 90 645
35 114 645
36 101 645
3 28 643
5 56 643
19 109 642
3 71 640
5 106 640
10 43 639
27 61 638
6 94 637
40 5 637
5 76 635
43 10 635
30 72 634
32 18 634
3 87 633
21 51 631
8 98 630
14 86 630
5 100 629
26 21 629
17 26 628
46 38 628
17 114 627
20 82 627
4 65 626
20 83 626
16 97 625
16 103 625
17 22 625
26 63 623
26 40 622
11 63 621
31 24 621
15 110 620
25 13 620
34 127 620
43 78 620
4 104 619
43 7 619
3 109 618
4 4 618
11 5 618
3 5 617
2 81 616
25 23 616
29 105 616
38 30 616
46 63 615
3 69 614
13 1 614
32 46 614
28 23 612
27 9 611
37 31 611
1 73 610
19 25 609
16 106 608
44 15 608
20 92 607
23 114 607
17 58 604
33 56 604
42 38 604
1 42 603
27 90 603
28 57 602
4 34 600
19 86 600
30 3 600
41 118 600
1 24 599
26 49 598
9 53 597
45 54 597
23 63 596
28 76 596
4 38 595
12 96 595
34 6 594
39 35 594
2 106 591
35 63 591
24 126 590
4 81 588
7 52 588
9 117 587
46 81 586
19 60 583
31 66 583
36 39 583
8 124 582
16 28 581
31 101 581
33 51 581
25 68 580
32 23 580
6 120 579
31 94 579
42 121 579
3 66 578
35 36 576
6 26 575
1 35 574
5 73 574
38 61 573
3 79 572
16 109 572
32 41 572
2 21 570
36 74 570
45 61 570
2 95 569
7 94 569
8 114 568
10 12 568
39 48 568
31 9 567
11 114 565
10 63 564
32 50 563
22 116 562
7 46 561
46 3 561
16 57 560
36 104 560
29 22 558
31 125 557
37 13 557
17 115 556
39 9 556
38 11 555
5 91 554
26 87 553
38 46 553
15 38 550
29 59 550
26 26 548
47 10 548
12 18 546
12 67 546
4 12 545
3 117 544
16 9 544
33 112 544
11 121 542
8 46 541
19 101 540
5 19 539
26 89 539
43 124 539
17 52 538
20 6 538
43 42 537
23 14 536
27 103 536
47 99 536
5 1 534
23 120 534
34 96 534
46 57 534
42 47 533
44 38 533
8 23 532
17 102 532
23 5 532
27 110 532
33 45 532
3 119 531
13 31 531
17 34 531
32 78 531
47 94 531
46 93 530
3 63 529
33 25 529
47 25 529
25 32 528
33 87 527
9 84 526
41 10 525
35 32 523
1 33 522
11 39 522
10 92 521
36 105 521
7 9 520
0 89 519
2 83 519
9 51 519
18 11 519
9 114 516
7 36 515
13 85 515
35 65 515
20 23 514
20 98 514
34 112 514
36 85 514
16 113 513
41 105 512
47 124 512
6 4 511
19 125 511
43 15 511
44 31 511
40 33 508
42 104 507
40 103 505
2 25 504
27 11 503
30 7 503
45 28 503
47 93 503
24 54 502
6 11 501
47 119 500
17 75 499
12 16 498
43 32 496
33 70 495
0 8 494
11 14 494
4 19 493
24 18 493
1 17 492
11 120 492
18 7 491
1 69 489
25 31 489
1 43 488
41 83 486
15 61 484
21 112 484
37 68 483
44 96 482
45 7 482
4 61 480
6 33 480
5 114 478
32 116 478
20 41 477
34 51 477
47 65 477
21 114 476
31 81 475
46 36 475
3 126 474
27 117 473
43 127 473
12 83 472
44 82 472
44 98 472
45 90 471
38 89 470
44 126 470
16 100 468
24 39 468
30 4 468
0 113 466
41 109 466
13 32 464
1 56 462
21 124 461
33 114 460
45 58 460
20 40 459
37 25 459
19 94 458
31 60 458
1 72 457
2 63 457
8 50 457
20 91 457
28 9 457
34 97 457
5 32 456
27 86 456
1 4 455
8 0 455
19 46 454
22 66 454
11 37 453
6 19 451
21 87 449
29 107 449
33 13 449
45 66 449
17 3 447
22 51 447
38 40 447
33 67 446
4 48 443
14 21 443
10 31 442
22 6 442
46 113 442
12 105 441
3 114 440
18 94 439
21 84 439
42 35 437
17 81 436
23 31 436
34 122 436
31 46 435
47 46 435
5 9 434
5 13 433
11 38 433
13 19 433
18 3 433
24 83 432
46 49 430
18 71 427
30 9 427
32 110 426
6 44 425
6 30 422
18 70 422
37 42 422
25 1 421
31 19 421
23 0 418
1 109 416
7 81 416
10 53 416
16 42 416
30 46 416
33 124 416
30 36 415
0 74 414
29 102 413
26 59 412
44 102 412
11 31 411
15 2 410
14 121 408
15 86 407
47 110 407
15 93 406
20 46 406
40 76 406
40 97 405
45 36 405
45 93 404
16 76 403
13 51 401
0 94 399
28 18 399
33 26 399
10 5 398
18 46 398
14 11 397
28 46 397
33 91 397
11 54 396
23 4 395
13 63 394
3 51 393
16 46 393
22 47 393
4 110 392
17 47 392
45 107 392
2 44 391
28 6 391
20 50 390
13 35 389
29 58 389
5 29 387
9 19 387
37 59 387
5 25 386
44 41 385
45 111 385
21 67 384
4 73 383
15 9 383
18 4 383
18 126 383
20 13 383
20 78 383
25 77 382
22 92 381
29 27 380
29 123 379
3 42 378
5 8 377
33 84 377
47 61 377
12 125 375
16 99 374
38 83 374
40 99 374
10 56 373
9 109 372
25 60 372
26 93 372
34 92 372
8 10 371
10 86 370
19 18 370
36 22 370
7 66 369
45 110 369
31 25 367
20 20 365
37 19 365
40 117 365
16 91 364
5 60 363
18 12 363
5 62 362
24 111 362
29 34 362
37 84 362
14 71 361
17 41 361
20 3 361
32 51 361
46 17 361
14 90 360
33 6 360
39 27 360
18 78 359
33 53 359
11 7 358
12 50 358
31 67 358
42 6 358
14 96 356
15 117 356
7 63 355
18 72 355
1 104 354
31 79 354
2 98 353
14 61 353
31 38 352
43 90 352
14 29 351
24 60 351
30 71 351
31 10 351
1 125 350
43 70 350
15 102 349
39 104 349
46 103 349
42 88 348
11 36 347
38 117 346
45 30 346
10 22 345
11 0 345
29 114 345
18 35 342
3 107 341
9 46 341
27 102 341
28 5 341
2 78 340
10 101 339
20 69 339
22 127 339
25 42 339
36 83 339
43 28 339
18 81 338
40 62 338
40 70 338
10 127 337
24 93 337
3 67 335
26 12 335
45 115 335
19 38 334
23 36 334
10 46 333
23 32 333
29 89 333
9 50 332
45 69 332
19 66 331
29 47 330
31 87 329
16 98 328
25 51 328
2 113 327
29 38 327
29 87 327
36 20 325
38 74 325
5 89 324
7 115 324
30 81 324
19 81 323
45 121 323
6 72 322
6 25 321
22 5 321
6 36 319
17 90 319
27 107 319
4 126 318
32 13 318
0 19 317
31 36 317
47 101 316
1 117 315
8 52 315
8 113 315
10 48 315
39 86 315
37 34 312
10 34 311
24 41 311
41 87 311
20 110 310
26 72 310
27 4 310
28 99 310
45 10 310
4 124 309
3 46 308
16 5 308
36 60 308
22 86 307
6 70 306
12 113 306
14 117 306
13 84 305
19 12 305
31 12 305
43 38 304
46 116 304
3 99 303
4 95 303
44 50 302
45 85 302
8 3 301
11 65 301
21 53 301
32 40 301
35 64 301
42 76 300
1 101 299
3 32 299
7 79 299
21 118 299
8 117 298
11 64 298
2 72 297
33 38 297
1 88 296
3 18 296
26 117 296
46 107 296
19 36 295
20 109 295
17 109 294
29 3 294
33 10 294
41 41 293
47 125 293
11 23 292
15 122 292
22 122 292
25 27 292
32 117 292
37 27 292
14 59 291
0 60 290
8 69 290
22 60 290
42 81 290
44 127 290
32 3 289
6 126 288
9 38 288
25 35 288
3 47 287
8 110 287
16 126 287
23 65 287
26 81 287
29 109 287
44 114 287
47 2 286
17 38 285
36 125 284
40 113 284
7 98 283
42 67 283
46 114 283
9 91 282
14 89 282
39 93 282
6 46 281
30 79 281
17 113 280
30 70 279
6 3 278
13 88 278
32 91 278
33 31 278
12 91 277
17 13 277
46 100 277
6 78 276
14 26 276
22 34 276
18 47 275
19 19 275
12 110 274
26 11 274
1 82 273
0 96 272
5 67 272
7 67 272
34 118 272
7 101 271
10 122 271
45 73 271
8 11 270
29 51 270
12 71 269
17 87 269
17 89 269
24 50 268
26 61 268
34 37 268
2 80 267
5 44 267
43 45 267
45 41 267
9 87 266
16 62 266
36 55 266
3 48 265
44 17 265
5 65 262
16 6 262
34 47 262
41 102 262
21 6 261
35 37 261
3 22 260
16 84 260
6 28 259
15 18 259
20 67 258
36 6 258
36 93 258
14 24 257
15 64 257
41 124 257
4 89 256
24 16 255
27 93 255
35 28 255
36 41 255
47 98 255
36 91 254
10 20 253
29 124 253
45 44 253
7 125 252
8 118 252
9 123 252
12 20 252
31 103 252
37 60 251
17 51 250
11 76 249
14 75 249
44 108 249
31 115 248
15 123 247
24 108 247
46 92 247
21 46 246
37 119 246
21 91 245
36 54 244
40 17 244
1 5 243
2 110 243
10 121 243
15 107 242
42 36 242
45 19 242
32 62 241
6 98 240
40 58 240
10 118 239
25 25 239
35 75 239
38 42 239
5 81 238
40 24 238
41 51 238
41 74 238
25 84 237
33 46 237
4 68 236
6 48 236
10 72 236
13 74 236
15 10 236
21 26 236
26 121 236
46 15 236
4 127 235
7 99 235
9 44 235
11 62 235
23 64 235
24 113 235
41 120 234
42 10 234
8 91 233
22 46 233
42 87 233
7 103 231
9 107 231
20 117 231
30 30 231
37 77 231
38 121 231
47 122 231
16 23 230
10 58 229
11 27 229
17 86 229
14 94 228
32 69 228
34 46 228
39 109 228
46 21 228
2 31 227
9 10 227
21 8 227
31 99 227
34 86 227
7 12 226
15 115 226
47 30 226
8 85 225
46 111 225
6 111 224
14 31 224
8 62 220
11 32 220
15 63 220
24 116 219
34 5 219
46 89 219
14 63 218
19 30 218
21 13 218
5 36 217
6 76 217
36 47 217
26 27 216
26 90 216
36 50 216
10 84 215
14 27 214
27 64 214
16 32 212
18 19 212
30 84 212
43 84 212
16 56 211
29 116 211
9 6 210
20 10 209
24 57 209
36 77 209
39 10 209
40 126 209
41 108 209
38 93 208
2 56 207
37 11 207
9 69 206
33 44 206
10 9 205
18 98 205
4 121 204
46 99 204
12 59 203
25 85 203
1 121 202
7 113 202
17 111 202
10 36 201
10 114 201
30 114 201
9 14 200
18 84 200
41 13 200
9 8 199
21 78 199
38 107 199
3 98 198
27 109 198
31 30 198
21 10 197
30 74 197
32 89 197
37 35 197
47 103 197
20 62 196
31 92 196
35 39 196
40 57 196
44 24 196
29 41 195
33 58 195
3 118 194
41 25 194
46 0 194
16 68 193
23 39 192
7 30 191
8 111 191
11 124 191
13 34 191
40 10 191
40 18 191
11 17 190
33 14 190
1 59 189
6 73 189
21 123 189
35 0 189
12 23 188
21 21 188
20 9 187
42 110 186
3 27 185
12 111 185
14 107 185
32 43 185
39 115 185
9 64 184
12 62 184
21 38 183
19 115 182
33 107 182
37 97 182
46 109 182
8 126 181
11 82 181
26 24 181
40 87 181
19 92 180
25 74 180
32 111 180
39 18 180
34 34 179
36 17 179
1 36 178
47 38 177
4 108 176
6 43 176
22 100 176
26 75 176
32 67 176
33 8 176
42 53 176
22 118 175
24 125 175
3 56 174
8 88 174
19 10 174
27 104 174
5 41 173
23 75 173
9 118 172
18 8 172
2 86 171
13 119 171
22 84 171
30 19 171
36 110 171
46 102 171
9 58 170
10 37 170
11 104 170
11 126 170
17 124 170
27 122 170
29 108 170
30 67 170
34 111 170
23 126 169
13 108 168
9 34 167
10 29 167
18 30 166
21 117 165
34 114 165
39 119 165
12 11 164
18 120 164
26 58 164
34 22 164
37 110 164
9 70 162
19 113 162
30 27 162
33 118 162
33 123 162
38 6 162
6 12 161
8 26 161
23 84 160
24 37 160
27 18 160
34 84 160
11 75 159
4 44 158
12 25 158
15 19 158
17 116 158
35 108 158
21 70 157
40 25 157
5 6 156
5 127 156
14 50 156
25 110 156
29 74 156
12 108 155
17 48 155
45 9 155
0 20 154
12 44 153
19 99 153
8 48 152
15 104 152
31 98 152
47 113 152
2 36 151
46 119 151
4 78 150
12 47 149
20 0 149
40 85 149
46 85 149
15 112 148
27 27 148
27 63 148
1 93 147
2 89 147
2 92 147
8 89 147
32 26 147
24 110 146
27 24 146
31 113 146
15 88 145
21 14 145
21 109 145
26 29 145
21 107 144
34 100 144
36 113 144
44 101 144
0 42 143
10 38 143
16 49 143
21 44 143
23 62 143
23 124 143
28 84 143
43 113 143
17 12 142
20 111 142
34 121 142
44 60 142
6 122 141
9 39 141
27 39 141
38 27 141
38 36 141
46 20 141
14 36 140
18 114 140
33 16 140
36 116 140
40 91 140
7 119 139
14 12 139
10 1 138
12 77 138
18 28 138
25 34 138
44 14 138
44 89 138
5 46 137
5 109 137
6 108 136
25 119 136
35 124 136
38 50 136
40 46 136
43 55 136
6 8 135
10 102 135
14 9 135
22 101 135
35 62 135
36 57 135
13 122 134
15 66 134
17 101 134
32 126 134
44 118 134
1 54 133
10 77 133
24 20 133
28 70 133
12 122 132
39 19 132
6 117 131
7 121 130
9 11 130
26 96 130
30 120 130
36 37 130
37 74 130
2 61 129
14 97 129
38 114 129
14 78 128
12 37 127
15 44 127
34 48 127
28 91 126
5 98 125
4 26 124
10 21 124
14 19 124
14 88 124
20 48 124
36 16 124
44 10 124
38 78 123
39 64 123
41 3 123
5 120 122
16 72 122
17 4 122
19 103 122
22 22 122
23 37 122
8 43 121
8 75 121
10 111 121
12 17 121
23 2 121
26 50 121
28 34 121
33 34 121
36 44 121
44 32 121
3 14 120
6 49 120
6 81 120
0 25 119
9 21 119
29 111 119
41 89 119
4 37 118
27 31 118
28 122 118
2 103 117
11 9 117
22 48 117
36 49 117
10 54 116
10 67 116
24 47 116
24 122 116
27 76 116
39 39 116
7 69 115
26 37 115
40 64 115
2 108 114
13 97 114
15 27 114
30 98 114
43 50 114
25 11 113
28 53 113
37 88 113
38 104 113
44 100 113
10 59 112
12 78 112
14 37 112
15 15 112
27 73 112
36 28 112
1 79 111
23 28 111
6 27 110
15 39 110
25 88 110
32 11 110
36 33 110
40 84 110
41 47 110
45 3 110
11 4 109
16 122 109
27 115 109
28 72 109
6 37 108
9 77 108
32 113 108
41 104 108
46 64 108
6 114 107
11 84 107
27 19 107
28 32 107
5 38 106
7 10 106
29 101 106
33 117 106
12 51 105
22 67 105
24 91 105
33 63 105
5 21 104
12 57 104
15 84 104
20 126 104
40 92 104
24 49 103
27 10 103
29 12 103
19 98 102
30 47 102
38 29 102
38 118 102
43 92 102
6 67 101
13 43 101
21 34 101
33 19 101
42 83 101
44 30 101
38 31 100
39 24 100
22 32 99
30 49 99
30 53 99
12 39 98
32 10 98
34 20 98
46 112 98
7 22 97
15 73 97
20 11 97
25 86 97
28 64 97
35 84 97
43 118 97
3 16 96
14 66 96
16 70 96
23 27 96
40 34 96
16 53 95
22 29 95
27 84 95
30 91 95
34 59 95
35 31 95
40 49 95
10 81 94
13 60 94
15 12 94
18 117 94
26 78 94
36 45 94
45 1 94
47 12 94
6 112 93
8 81 93
19 28 93
27 88 93
28 92 93
5 69 92
6 121 92
9 63 92
15 79 92
19 121 92
38 88 92
38 91 92
39 102 92
39 112 92
1 55 91
13 86 91
20 85 91
27 79 91
28 56 91
10 89 90
15 76 90
18 76 90
19 67 90
26 94 90
39 26 90
43 27 90
37 51 89
39 68 89
0 115 88
10 42 88
22 121 88
24 77 88
26 31 88
26 36 88
35 104 88
46 53 88
7 104 87
9 57 87
9 78 87
30 28 87
34 67 87
35 76 87
37 85 87
45 33 87
47 106 87
0 56 86
11 2 86
14 98 86
18 16 86
20 118 86
22 114 86
27 44 86
31 6 86
32 48 86
33 78 86
46 28 86
12 119 85
13 53 85
24 59 85
26 74 85
34 21 85
35 113 85
41 33 84
45 43 84
1 51 83
12 41 83
16 19 83
16 64 83
18 43 83
28 85 83
28 98 83
31 114 83
5 3 82
18 67 82
30 16 82
39 12 82
14 74 81
20 113 81
23 76 81
28 19 81
45 113 81
14 116 80
28 49 80
32 85 80
35 17 80
40 68 80
45 55 80
4 59 79
4 69 79
9 12 79
9 74 79
10 65 79
18 48 79
21 12 79
22 21 79
34 72 79
34 101 79
0 39 78
6 74 78
11 77 78
19 6 78
23 38 78
26 91 78
27 46 78
33 12 78
2 71 77
9 115 77
11 15 77
22 38 77
24 11 77
35 27 77
44 66 77
46 56 77
4 33 76
4 80 76
10 32 76
16 85 76
34 38 76
36 59 76
42 97 76
43 11 76
45 60 76
4 72 75
8 59 75
14 77 75
18 66 75
21 11 75
25 43 75
40 95 75
1 0 74
16 96 74
17 23 74
21 63 74
22 28 74
41 96 74
46 14 74
9 47 73
15 109 73
31 126 73
32 118 73
34 65 73
39 36 73
41 12 73
42 89 73
44 70 73
5 85 72
19 119 72
0 54 71
16 92 71
26 107 71
38 59 71
45 104 71
5 26 70
6 15 70
7 126 70
16 36 70
22 20 70
22 59 70
23 82 70
27 15 70
38 75 70
44 103 70
45 57 70
6 32 69
22 111 69
31 118 69
38 52 69
38 72 69
41 22 69
8 96 68
11 110 68
17 95 68
39 122 68
42 84 68
6 29 67
10 23 67
12 112 67
20 119 67
25 97 67
35 77 67
36 98 67
39 73 67
41 86 67
2 13 66
7 114 66
11 117 66
19 126 66
22 65 66
24 98 66
29 96 66
33 21 66
7 28 65
12 86 65
13 110 65
16 21 65
22 54 65
25 108 65
31 69 65
8 120 64
11 19 64
12 10 64
12 84 64
14 2 64
15 24 64
20 96 64
22 1 64
24 10 64
25 72 64
27 5 64
28 68 64
32 96 64
36 10 64
38 2 64
38 13 64
38 19 64
40 9 64
3 52 63
9 16 63
13 18 63
20 89 63
24 17 63
12 49 62
15 111 62
18 49 62
21 19 62
34 28 62
35 82 62
44 68 62
45 8 62
46 62 62
24 62 61
33 57 61
2 23 60
5 72 60
28 96 60
35 2 60
45 31 60
47 79 60
10 6 59
13 126 59
28 58 59
36 51 59
40 72 59
43 64 59
19 41 58
22 42 58
22 102 58
40 63 58
43 57 58
3 33 57
5 119 57
7 6 57
21 57 57
30 43 57
33 74 57
41 116 57
1 10 56
44 109 56
2 20 55
21 58 55
22 77 55
26 2 55
30 29 55
35 117 55
42 63 55
46 58 55
26 19 54
26 116 54
31 119 54
47 83 54
5 118 53
9 27 53
20 43 53
24 78 53
26 97 53
28 17 53
30 48 53
32 52 53
43 34 53
0 90 52
27 26 52
29 4 52
33 4 52
33 11 52
33 39 52
33 109 52
4 109 51
13 37 51
15 5 51
24 44 51
34 32 51
35 126 51
36 122 51
40 36 51
43 85 51
0 36 50
18 90 50
26 88 50
31 22 50
35 123 50
36 78 50
41 111 50
44 7 50
45 126 50
4 123 49
20 26 49
21 31 49
23 17 49
23 117 49
26 9 49
28 126 49
38 37 49
45 109 49
7 96 48
9 73 48
15 26 48
18 29 48
18 112 48
43 25 48
43 106 48
46 59 48
5 70 47
15 4 47
24 55 47
10 19 46
16 41 46
16 88 46
21 16 46
26 13 46
36 11 46
47 100 46
9 13 45
11 123 45
18 27 45
21 74 45
28 87 45
30 121 45
32 0 45
35 38 45
47 24 45
2 124 44
6 66 44
7 41 44
9 4 44
19 69 44
23 15 44
24 28 44
27 111 44
30 92 44
31 68 44
35 6 44
35 51 44
25 126 43
29 40 43
34 54 43
34 60 43
45 13 43
2 102 42
8 9 42
13 116 42
16 69 42
31 28 42
32 88 42
36 62 42
47 97 42
0 5 41
7 92 41
12 109 41
17 40 41
22 81 41
30 108 41
40 53 41
46 24 41
7 118 40
15 118 40
23 77 40
34 77 40
45 120 40
7 84 39
7 107 39
11 6 39
15 47 39
16 116 39
20 75 39
21 39 39
29 33 39
42 112 39
43 101 39
5 39 38
9 88 38
12 33 38
17 16 38
21 115 38
23 70 38
33 115 38
42 79 38
46 95 38
3 95 37
17 33 37
18 121 37
22 72 37
39 118 37
41 27 37
42 78 37
47 49 37
13 7 36
18 53 36
30 76 36
33 73 36
34 42 36
43 13 36
1 120 35
8 58 35
26 46 35
27 36 35
35 15 35
41 114 35
47 84 35
47 118 35
8 42 34
9 42 34
12 55 34
14 58 34
27 12 34
35 70 34
5 35 33
6 92 33
9 101 33
13 111 33
14 114 33
17 108 33
23 110 33
30 111 33
46 120 33
47 116 33
2 18 32
15 81 32
16 34 32
18 74 32
19 118 32
24 51 32
25 53 32
26 5 32
26 114 32
30 37 32
31 64 32
34 29 32
42 118 32
43 23 32
44 85 32
46 31 32
46 110 32
4 17 31
14 122 31
19 22 31
25 37 31
43 20 31
46 66 31
47 28 31
47 70 31
2 32 30
20 88 30
36 1 30
39 14 30
41 110 30
43 17 30
45 34 30
47 56 30
18 92 29
21 77 29
23 6 29
24 33 29
28 63 29
35 118 29
37 37 29
43 48 29
7 64 28
9 18 28
17 127 28
21 64 28
27 38 28
28 88 28
29 86 28
29 95 28
29 113 28
30 8 28
43 39 28
47 7 28
7 85 27
12 28 27
12 29 27
12 70 27
18 37 27
19 16 27
28 36 27
30 32 27
33 64 27
43 109 27
0 55 26
4 71 26
7 65 26
10 60 26
13 11 26
13 27 26
20 52 26
27 99 26
36 119 26
39 88 26
44 115 26
14 123 25
15 99 25
16 58 25
19 84 25
26 77 25
28 71 25
42 29 25
11 127 24
22 37 24
39 13 24
39 76 24
43 3 24
4 49 23
7 16 23
8 107 23
11 118 23
17 24 23
17 125 23
19 107 23
21 73 23
32 75 23
35 74 23
38 0 23
38 116 23
41 113 23
44 49 23
46 2 23
47 13 23
47 29 23
4 24 22
8 29 22
10 28 22
11 70 22
15 14 22
16 63 22
16 71 22
17 74 22
26 54 22
27 112 22
28 69 22
29 25 22
31 107 22
39 84 22
42 13 22
45 122 22
11 51 21
17 10 21
23 19 21
23 51 21
24 109 21
31 84 21
33 77 21
39 5 21
40 41 21
2 66 20
13 64 20
15 13 20
17 25 20
20 59 20
21 95 20
23 108 20
25 17 20
27 14 20
27 123 20
31 15 20
38 94 20
39 124 20
43 119 20
13 100 19
16 67 19
20 81 19
24 70 19
30 117 19
34 81 19
37 108 19
39 44 19
40 69 19
42 95 19
43 103 19
46 70 19
47 9 19
47 40 19
47 51 19
9 15 18
12 82 18
13 39 18
14 113 18
16 87 18
27 81 18
31 121 18
32 59 18
40 19 18
40 98 18
42 1 18
45 21 18
45 40 18
46 13 18
46 108 18
47 126 18
3 57 17
3 83 17
4 117 17
6 40 17
7 15 17
8 31 17
8 93 17
11 83 17
12 45 17
14 52 17
21 20 17
29 10 17
29 29 17
39 81 17
44 75 17
45 59 17
45 106 17
2 3 16
7 122 16
12 1 16
17 70 16
17 71 16
25 111 16
37 43 16
43 76 16
2 43 15
3 15 15
15 53 15
18 111 15
19 68 15
19 85 15
21 27 15
23 104 15
28 116 15
30 66 15
33 18 15
35 66 15
37 86 15
41 127 15
42 120 15
43 14 15
43 117 15
44 87 15
2 11 14
5 4 14
8 71 14
10 115 14
11 113 14
14 35 14
14 91 14
15 46 14
17 110 14
33 95 14
35 110 14
36 70 14
41 29 14
44 36 14
46 4 14
0 10 13
1 112 13
2 5 13
7 37 13
9 31 13
11 10 13
17 76 13
18 108 13
20 31 13
20 42 13
23 83 13
24 45 13
24 106 13
24 119 13
25 122 13
27 21 13
28 107 13
30 59 13
32 81 13
37 114 13
37 126 13
40 71 13
41 119 13
42 61 13
44 93 13
47 33 13
11 108 12
12 106 12
13 5 12
17 94 12
19 64 12
23 118 12
33 59 12
33 75 12
38 5 12
38 43 12
41 101 12
42 60 12
43 79 12
47 45 12
1 81 11
2 105 11
5 15 11
6 106 11
7 14 11
7 80 11
10 8 11
18 32 11
18 40 11
19 65 11
25 116 11
29 125 11
29 127 11
30 90 11
31 65 11
31 96 11
38 70 11
40 67 11
40 104 11
40 122 11
41 28 11
41 71 11
42 127 11
44 124 11
45 35 11
46 42 11
11 106 10
14 0 10
17 29 10
19 14 10
19 15 10
19 37 10
22 89 10
24 19 10
24 29 10
26 0 10
31 41 10
31 104 10
32 107 10
39 79 10
40 56 10
41 76 10
42 96 10
44 43 10
44 79 10
47 64 10
47 81 10
2 91 9
4 54 9
5 92 9
6 21 9
6 90 9
6 95 9
9 20 9
10 11 9
10 24 9
13 56 9
15 21 9
17 91 9
19 96 9
21 15 9
22 53 9
25 56 9
29 71 9
30 40 9
30 73 9
31 16 9
31 71 9
32 42 9
34 102 9
37 111 9
38 35 9
42 105 9
5 14 8
7 97 8
7 120 8
9 95 8
14 104 8
15 114 8
16 17 8
16 47 8
16 118 8
17 56 8
18 59 8
26 113 8
29 28 8
29 94 8
31 14 8
32 29 8
34 1 8
38 97 8
39 113 8
40 32 8
41 107 8
42 34 8
42 62 8
43 116 8
45 105 8
47 19 8
2 1 7
3 65 7
4 28 7
4 36 7
6 2 7
7 71 7
7 102 7
9 59 7
12 48 7
13 30 7
13 50 7
13 114 7
16 107 7
21 18 7
26 70 7
26 103 7
27 13 7
28 41 7
29 16 7
29 24 7
31 37 7
31 85 7
34 24 7
37 5 7
38 9 7
39 38 7
39 105 7
39 123 7
40 66 7
40 116 7
41 23 7
41 56 7
42 46 7
43 102 7
43 107 7
45 49 7
2 39 6
4 42 6
5 12 6
6 50 6
6 57 6
6 59 6
6 82 6
6 113 6
7 54 6
7 68 6
7 78 6
14 46 6
15 22 6
16 2 6
17 119 6
19 104 6
19 114 6
20 93 6
21 59 6
21 61 6
23 66 6
25 5 6
27 66 6
28 67 6
28 95 6
29 91 6
29 110 6
30 82 6
32 71 6
33 27 6
35 10 6
35 19 6
35 83 6
37 122 6
39 53 6
39 66 6
39 67 6
41 16 6
43 9 6
45 100 6
2 19 5
3 43 5
3 85 5
4 35 5
5 50 5
6 51 5
6 80 5
6 91 5
9 54 5
9 61 5
10 0 5
11 66 5
11 74 5
12 19 5
14 25 5
15 36 5
15 113 5
18 50 5
19 35 5
20 107 5
21 4 5
26 52 5
26 104 5
26 123 5
27 118 5
28 66 5
29 56 5
30 80 5
31 105 5
32 97 5
33 20 5
36 3 5
36 109 5
38 25 5
40 118 5
41 95 5
42 42 5
42 51 5
42 94 5
43 40 5
45 102 5
45 124 5
46 40 5
1 71 4
1 110 4
7 35 4
7 105 4
11 88 4
12 98 4
15 108 4
17 28 4
17 32 4
17 43 4
17 60 4
18 91 4
18 95 4
19 71 4
19 78 4
19 97 4
20 97 4
21 88 4
22 0 4
22 115 4
23 88 4
23 113 4
24 82 4
25 7 4
25 30 4
27 43 4
27 53 4
27 113 4
28 21 4
28 47 4
28 118 4
30 106 4
31 97 4
31 120 4
32 31 4
33 15 4
33 54 4
33 101 4
34 115 4
36 48 4
36 82 4
36 106 4
37 39 4
37 50 4
38 124 4
39 47 4
39 65 4
40 3 4
40 59 4
41 91 4
41 94 4
42 82 4
43 54 4
43 67 4
43 89 4
44 21 4
44 77 4
44 112 4
45 39 4
45 68 4
45 72 4
45 74 4
45 84 4
45 125 4
46 23 4
46 47 4
0 59 3
2 96 3
3 8 3
3 44 3
3 96 3
4 41 3
5 88 3
6 69 3
7 77 3
7 117 3
8 12 3
9 120 3
11 112 3
12 3 3
13 9 3
13 14 3
13 17 3
14 5 3
14 43 3
14 56 3
14 103 3
14 112 3
16 66 3
17 31 3
17 96 3
18 21 3
18 51 3
18 69 3
18 73 3
18 82 3
18 106 3
19 80 3
19 105 3
20 71 3
21 75 3
22 11 3
22 24 3
23 10 3
24 3 3
25 50 3
25 90 3
26 35 3
26 118 3
26 120 3
26 124 3
28 59 3
28 86 3
29 76 3
30 50 3
30 51 3
30 68 3
30 95 3
31 35 3
31 78 3
31 80 3
32 93 3
33 61 3
34 0 3
34 8 3
34 11 3
34 89 3
34 104 3
35 88 3
37 30 3
37 70 3
37 100 3
37 116 3
38 103 3
38 112 3
38 123 3
39 15 3
39 22 3
39 111 3
40 2 3
40 47 3
40 96 3
41 31 3
41 32 3
42 26 3
42 107 3
42 122 3
43 110 3
44 76 3
44 95 3
44 97 3
44 120 3
45 56 3
45 62 3
45 79 3
46 41 3
46 65 3
46 72 3
46 88 3
47 16 3
0 15 2
2 79 2
6 68 2
8 60 2
8 97 2
9 72 2
9 126 2
12 5 2
12 72 2
13 70 2
13 90 2
15 42 2
15 67 2
15 105 2
16 3 2
16 86 2
16 95 2
16 104 2
18 68 2
18 80 2
19 122 2
20 12 2
21 30 2
21 93 2
21 126 2
22 8 2
22 44 2
22 49 2
23 123 2
24 1 2
24 31 2
25 9 2
25 14 2
25 39 2
26 25 2
26 45 2
27 47 2
27 108 2
28 2 2
28 3 2
29 119 2
30 31 2
30 69 2
30 102 2
30 113 2
31 117 2
31 122 2
32 7 2
32 12 2
32 60 2
33 36 2
33 72 2
33 121 2
33 126 2
36 19 2
36 31 2
37 7 2
37 90 2
38 120 2
38 127 2
39 21 2
39 108 2
40 21 2
41 70 2
42 11 2
42 15 2
42 54 2
42 57 2
44 35 2
44 63 2
44 65 2
44 123 2
45 11 2
45 15 2
45 75 2
45 78 2
45 118 2
46 6 2
46 12 2
46 25 2
46 48 2
46 69 2
46 87 2
47 43 2
47 91 2
1 118 1
3 110 1
4 21 1
4 62 1
4 66 1
6 60 1
7 23 1
7 42 1
8 49 1
8 112 1
9 30 1
9 75 1
9 93 1
9 119 1
10 104 1
11 80 1
11 91 1
11 93 1
11 119 1
12 13 1
12 31 1
12 81 1
12 88 1
13 54 1
13 69 1
13 72 1
13 94 1
14 13 1
14 70 1
14 118 1
14 120 1
15 43 1
15 74 1
15 124 1
16 31 1
16 59 1
16 61 1
17 8 1
17 67 1
18 15 1
18 57 1
18 102 1
18 113 1
19 0 1
19 54 1
19 57 1
19 120 1
20 60 1
21 3 1
21 36 1
21 54 1
21 72 1
21 121 1
22 17 1
22 104 1
22 125 1
23 74 1
23 106 1
23 112 1
23 119 1
24 48 1
24 81 1
24 86 1
24 88 1
25 54 1
26 41 1
26 56 1
26 106 1
26 112 1
26 122 1
27 22 1
27 42 1
27 62 1
27 65 1
27 74 1
27 124 1
28 104 1
29 31 1
29 32 1
29 43 1
29 67 1
29 98 1
30 5 1
30 21 1
31 0 1
31 54 1
31 55 1
31 90 1
31 102 1
33 30 1
33 93 1
34 17 1
34 49 1
35 106 1
35 127 1
36 84 1
37 56 1
37 64 1
37 69 1
37 72 1
38 45 1
38 77 1
38 106 1
38 113 1
38 122 1
39 43 1
39 62 1
39 99 1
40 86 1
40 88 1
41 24 1
41 98 1
42 44 1
42 45 1
42 85 1
42 103 1
42 124 1
43 21 1
43 73 1
43 105 1
44 18 1
44 55 1
44 86 1
44 91 1
44 106 1
44 117 1
44 125 1
45 6 1
45 25 1
46 78 1
46 91 1
46 121 1
47 5 1
47 22 1
47 41 1
47 50 1
47 62 1
47 68 1
2 26 0
2 28 0
2 34 0
2 35 0
2 114 0
3 58 0
4 3 0
4 84 0
4 94 0
4 125 0
5 27 0
5 28 0
5 40 0
5 57 0
5 121 0
6 5 0
6 31 0
6 45 0
6 102 0
7 0 0
7 55 0
7 57 0
7 90 0
8 1 0
8 7 0
8 34 0
8 63 0
8 73 0
8 119 0
9 3 0
9 29 0
9 36 0
9 121 0
10 17 0
10 44 0
10 49 0
10 79 0
10 93 0
10 106 0
10 117 0
10 125 0
11 34 0
11 35 0
11 44 0
11 57 0
12 104 0
13 3 0
13 22 0
13 46 0
13 48 0
13 96 0
13 99 0
14 41 0
14 45 0
14 54 0
14 65 0
14 73 0
14 106 0
14 124 0
14 127 0
15 62 0
15 65 0
15 92 0
15 97 0
16 38 0
16 120 0
16 125 0
17 98 0
18 2 0
18 5 0
18 31 0
18 45 0
18 60 0
19 23 0
19 42 0
19 55 0
19 77 0
19 90 0
19 102 0
19 117 0
20 1 0
20 7 0
20 29 0
20 34 0
20 49 0
20 58 0
20 63 0
20 73 0
20 112 0
20 120 0
21 29 0
21 42 0
21 101 0
21 119 0
21 120 0
22 79 0
22 93 0
22 106 0
22 117 0
23 34 0
23 35 0
23 44 0
23 57 0
23 80 0
23 91 0
23 93 0
23 127 0
24 5 0
24 13 0
24 72 0
24 84 0
24 104 0
25 3 0
25 22 0
25 46 0
25 48 0
25 64 0
25 69 0
25 70 0
25 94 0
25 96 0
25 100 0
25 114 0
26 43 0
26 65 0
26 127 0
27 67 0
27 92 0
27 97 0
27 105 0
27 114 0
28 31 0
28 38 0
28 61 0
28 120 0
28 125 0
29 8 0
29 23 0
29 60 0
29 70 0
30 2 0
30 15 0
30 45 0
30 57 0
30 60 0
31 23 0
31 42 0
31 57 0
31 77 0
32 1 0
32 34 0
32 49 0
32 58 0
32 63 0
32 73 0
32 112 0
32 119 0
32 120 0
33 3 0
33 29 0
33 42 0
33 88 0
33 119 0
33 120 0
34 44 0
34 53 0
34 79 0
34 93 0
34 106 0
34 117 0
34 125 0
35 34 0
35 35 0
35 44 0
35 57 0
35 80 0
35 91 0
35 93 0
35 112 0
35 119 0
36 5 0
36 13 0
36 72 0
36 81 0
36 86 0
36 88 0
37 3 0
37 9 0
37 14 0
37 17 0
37 22 0
37 46 0
37 48 0
37 53 0
37 54 0
37 94 0
37 96 0
38 41 0
38 54 0
38 56 0
38 65 0
39 42 0
39 74 0
39 92 0
39 97 0
39 114 0
40 31 0
40 38 0
40 61 0
40 120 0
40 125 0
41 4 0
41 8 0
41 40 0
41 43 0
41 60 0
41 67 0
41 125 0
42 0 0
42 40 0
42 48 0
42 72 0
43 1 0
43 22 0
43 51 0
43 86 0
43 93 0
43 95 0
43 126 0
44 28 0
44 61 0
44 74 0
45 14 0
45 96 0
45 97 0
45 108 0
46 50 0
46 73 0
46 86 0
47 1 0
47 59 0
47 60 0
47 69 0
47 75 0
47 89 0
47 115 0
